 1.70000000e+001 2.40000000e+001 1.00000000e+000 8.00000000e+000 1.50000000e+001
 2.30000000e+001 5.00000000e+000 7.00000000e+000 1.40000000e+001 1.60000000e+001
 4.00000000e+000 6.00000000e+000 1.30000000e+001 2.00000000e+001 2.20000000e+001
 1.00000000e+001 1.20000000e+001 1.90000000e+001 2.10000000e+001 3.00000000e+000
 1.10000000e+001 1.80000000e+001 2.50000000e+001 2.00000000e+000 9.00000000e+000
 3.66850441e+009
 2.51665881e+009
 2.18189685e+009
 2.08409766e+009
 2.05536915e+009
 2.04688185e+009
 2.04435963e+009
 2.04360559e+009
 2.04337880e+009
 2.04331018e+009
 2.04328930e+009
 2.04328290e+009
 2.04328093e+009
 2.04328033e+009
 2.04328014e+009
 2.04328008e+009
 2.04328006e+009
 2.04328005e+009
 2.04328005e+009
 2.04328005e+009
 2.04328005e+009
 2.04328005e+009
 2.04328005e+009
 2.04328005e+009
 2.04328005e+009
 2.04328005e+009
 2.04328005e+009
 2.04328005e+009
 2.04328005e+009
 2.04328005e+009
 2.04328005e+009
 2.04328005e+009
 2.04328005e+009
 2.04328005e+009
 2.04328005e+009
 2.04328005e+009
 2.04328005e+009
 2.04328005e+009
 2.04328005e+009
 2.04328005e+009
 2.04328005e+009
 2.04328005e+009
 2.04328005e+009
 2.04328005e+009
 2.04328005e+009
 2.04328005e+009
 2.04328005e+009
 2.04328005e+009
 2.04328005e+009
 2.04328005e+009
 2.04328005e+009
 2.04328005e+009
 2.04328005e+009
 2.04328005e+009
 2.04328005e+009
 2.04328005e+009
 2.04328005e+009
 2.04328005e+009
 2.04328005e+009
 2.04328005e+009
 2.04328005e+009
 2.04328005e+009
 2.04328005e+009
 2.04328005e+009
 2.04328005e+009
 2.04328005e+009
 2.04328005e+009
 2.04328005e+009
 2.04328005e+009
 2.04328005e+009
 2.04328005e+009
 2.04328005e+009
 2.04328005e+009
 2.04328005e+009
 2.04328005e+009
 2.04328005e+009
 2.04328005e+009
 2.04328005e+009
 2.04328005e+009
 2.04328005e+009
 2.04328005e+009
 2.04328005e+009
 2.04328005e+009
 2.04328005e+009
 2.04328005e+009
 2.04328005e+009
 2.04328005e+009
 2.04328005e+009
 2.04328005e+009
 2.04328005e+009
 2.04328005e+009
 2.04328005e+009
 2.04328005e+009
 2.04328005e+009
 2.04328005e+009
 2.04328005e+009
 2.04328005e+009
 2.04328005e+009
 2.04328005e+009
 2.04328005e+009
 2.04328005e+009
 2.04328005e+009
 2.04328005e+009
 2.04328005e+009
 2.04328005e+009
 2.04328005e+009
 2.04328005e+009
 2.04328005e+009
 2.04328005e+009
 2.04328005e+009
 2.04328005e+009
 2.04328005e+009
 2.04328005e+009
 2.04328005e+009
 2.04328005e+009
 2.04328005e+009
 2.04328005e+009
 2.04328005e+009
 2.04328005e+009
 2.04328005e+009
 2.04328005e+009
 2.04328005e+009
 2.04328005e+009
 2.04328005e+009
 2.04328005e+009
 2.04328005e+009
 2.04328005e+009
 2.04328005e+009
 2.04328005e+009
 2.04328005e+009
 2.04328005e+009
 2.04328005e+009
 2.04328005e+009
 2.04328005e+009
 2.04328005e+009
 2.04328005e+009
 2.04328005e+009
 2.04328005e+009
 2.04328005e+009
 2.04328005e+009
 2.04328005e+009
 2.04328005e+009
 2.04328005e+009
 2.04328005e+009
 2.04328005e+009
 2.04328005e+009
 2.04328005e+009
 2.04328005e+009
 2.04328005e+009
 2.04328005e+009
 2.04328005e+009
 2.04328005e+009
 2.04328005e+009
 2.04328005e+009
 2.04328005e+009
 2.04328005e+009
 2.04328005e+009
 2.04328005e+009
 2.04328005e+009
 2.04328005e+009
 2.04328005e+009
 2.04328005e+009
 2.04328005e+009
 2.04328005e+009
 2.04328005e+009
 2.04328005e+009
 2.04328005e+009
 2.04328005e+009
 2.04328005e+009
 2.04328005e+009
 2.04328005e+009
 2.04328005e+009
 2.04328005e+009
 2.04328005e+009
 2.04328005e+009
 2.04328005e+009
 2.04328005e+009
 2.04328005e+009
 2.04328005e+009
 2.04328005e+009
 2.04328005e+009
 2.04328005e+009
 2.04328005e+009
 2.04328005e+009
 2.04328005e+009
 2.04328005e+009
 2.04328005e+009
 2.04328005e+009
 2.04328005e+009
 2.04328005e+009
 2.04328005e+009
 2.04328005e+009
 2.04328005e+009
 2.04328005e+009
 2.04328005e+009
 2.04328005e+009
 2.04328005e+009
 2.04328005e+009
 2.04328005e+009
 2.04328005e+009
 2.04328005e+009
 2.04328005e+009
 2.04328005e+009
 2.04328005e+009
 2.04328005e+009
 2.04328005e+009
 2.04328005e+009
 2.04328005e+009
 2.04328005e+009
 2.04328005e+009
 2.04328005e+009
 2.04328005e+009
 2.04328005e+009
 2.04328005e+009
 2.04328005e+009
 2.04328005e+009
 2.04328005e+009
 2.04328005e+009
 2.04328005e+009
 2.04328005e+009
 2.04328005e+009
 2.04328005e+009
 2.04328005e+009
 2.04328005e+009
 2.04328005e+009
 2.04328005e+009
 2.04328005e+009
 2.04328005e+009
 2.04328005e+009
 2.04328005e+009
 2.04328005e+009
 2.04328005e+009
 2.04328005e+009
 2.04328005e+009
 2.04328005e+009
 2.04328005e+009
 2.04328005e+009
 2.04328005e+009
 2.04328005e+009
 2.04328005e+009
 2.04328005e+009
 2.04328005e+009
 2.04328005e+009
 2.04328005e+009
 2.04328005e+009
 2.04328005e+009
 2.04328005e+009
 2.04328005e+009
 2.04328005e+009
 2.04328005e+009
 2.04328005e+009
 2.04328005e+009
 2.04328005e+009
 2.04328005e+009
 2.04328005e+009
 2.04328005e+009
 2.04328005e+009
 2.04328005e+009
 2.04328005e+009
 2.04328005e+009
 2.04328005e+009
 2.04328005e+009
 2.04328005e+009
 2.04328005e+009
 2.04328005e+009
 2.04328005e+009
 2.04328005e+009
 2.04328005e+009
 2.04328005e+009
 2.04328005e+009
 2.04328005e+009
 2.04328005e+009
 2.04328005e+009
 2.04328005e+009
 2.04328005e+009
 2.04328005e+009
 2.04328005e+009
 2.04328005e+009
 2.04328005e+009
 2.04328005e+009
 2.04328005e+009
 2.04328005e+009
 2.04328005e+009
 2.04328005e+009
 2.04328005e+009
 2.04328005e+009
 2.04328005e+009
 2.04328005e+009
 2.04328005e+009
 2.04328005e+009
 2.04328005e+009
 2.04328005e+009
 2.04328005e+009
 2.04328005e+009
 2.04328005e+009
 2.04328005e+009
 2.04328005e+009
 2.04328005e+009
 2.04328005e+009
 2.04328005e+009
 2.04328005e+009
 2.04328005e+009
 2.04328005e+009
 2.04328005e+009
 2.04328005e+009
 2.04328005e+009
 2.04328005e+009
 2.04328005e+009
 2.04328005e+009
 2.04328005e+009
 2.04328005e+009
 2.04328005e+009
 2.04328005e+009
 2.04328005e+009
 2.04328005e+009
 2.04328005e+009
 2.04328005e+009
 2.04328005e+009
 2.04328005e+009
 2.04328005e+009
 2.04328005e+009
 2.04328005e+009
 2.04328005e+009
 2.04328005e+009
 2.04328005e+009
 2.04328005e+009
 2.04328005e+009
 2.04328005e+009
 2.04328005e+009
 2.04328005e+009
 2.04328005e+009
 2.04328005e+009
 2.04328005e+009
 2.04328005e+009
 2.04328005e+009
 2.04328005e+009
 2.04328005e+009
 2.04328005e+009
 2.04328005e+009
 2.04328005e+009
 2.04328005e+009
 2.04328005e+009
 2.04328005e+009
 2.04328005e+009
 2.04328005e+009
 2.04328005e+009
 2.04328005e+009
 2.04328005e+009
 2.04328005e+009
 2.04328005e+009
 2.04328005e+009
 2.04328005e+009
 2.04328005e+009
 2.04328005e+009
 2.04328005e+009
 2.04328005e+009
 2.04328005e+009
 2.04328005e+009
 2.04328005e+009
 2.04328005e+009
 2.04328005e+009
 2.04328005e+009
 2.04328005e+009
 2.04328005e+009
 2.04328005e+009
 2.04328005e+009
 2.04328005e+009
 2.04328005e+009
 2.04328005e+009
 2.04328005e+009
 2.04328005e+009
 2.04328005e+009
 2.04328005e+009
 2.04328005e+009
 2.04328005e+009
 2.04328005e+009
 2.04328005e+009
 2.04328005e+009
 2.04328005e+009
 2.04328005e+009
 2.04328005e+009
 2.04328005e+009
 2.04328005e+009
 2.04328005e+009
 2.04328005e+009
 2.04328005e+009
 2.04328005e+009
 2.04328005e+009
 2.04328005e+009
 2.04328005e+009
 2.04328005e+009
 2.04328005e+009
 2.04328005e+009
 2.04328005e+009
 2.04328005e+009
 2.04328005e+009
 2.04328005e+009
 2.04328005e+009
 2.04328005e+009
 2.04328005e+009
 1.00000000e+000 2.10400000e+003 3.00000000e+000
 1.00000000e+000 1.60000000e+003 3.00000000e+000
 1.00000000e+000 2.40000000e+003 3.00000000e+000
 1.00000000e+000 1.41600000e+003 2.00000000e+000
 1.00000000e+000 3.00000000e+003 4.00000000e+000
 1.00000000e+000 1.98500000e+003 4.00000000e+000
 1.00000000e+000 1.53400000e+003 3.00000000e+000
 1.00000000e+000 1.42700000e+003 3.00000000e+000
 1.00000000e+000 1.38000000e+003 3.00000000e+000
 1.00000000e+000 1.49400000e+003 3.00000000e+000
 1.00000000e+000 1.94000000e+003 4.00000000e+000
 1.00000000e+000 2.00000000e+003 3.00000000e+000
 1.00000000e+000 1.89000000e+003 3.00000000e+000
 1.00000000e+000 4.47800000e+003 5.00000000e+000
 1.00000000e+000 1.26800000e+003 3.00000000e+000
 1.00000000e+000 2.30000000e+003 4.00000000e+000
 1.00000000e+000 1.32000000e+003 2.00000000e+000
 1.00000000e+000 1.23600000e+003 3.00000000e+000
 1.00000000e+000 2.60900000e+003 4.00000000e+000
 1.00000000e+000 3.03100000e+003 4.00000000e+000
 1.00000000e+000 1.76700000e+003 3.00000000e+000
 1.00000000e+000 1.88800000e+003 2.00000000e+000
 1.00000000e+000 1.60400000e+003 3.00000000e+000
 1.00000000e+000 1.96200000e+003 4.00000000e+000
 1.00000000e+000 3.89000000e+003 3.00000000e+000
 1.00000000e+000 1.10000000e+003 3.00000000e+000
 1.00000000e+000 1.45800000e+003 3.00000000e+000
 1.00000000e+000 2.52600000e+003 3.00000000e+000
 1.00000000e+000 2.20000000e+003 3.00000000e+000
 1.00000000e+000 2.63700000e+003 3.00000000e+000
 1.00000000e+000 1.83900000e+003 2.00000000e+000
 1.00000000e+000 1.00000000e+003 1.00000000e+000
 1.00000000e+000 2.04000000e+003 4.00000000e+000
 1.00000000e+000 3.13700000e+003 3.00000000e+000
 1.00000000e+000 1.81100000e+003 4.00000000e+000
 1.00000000e+000 1.43700000e+003 3.00000000e+000
 1.00000000e+000 1.23900000e+003 3.00000000e+000
 1.00000000e+000 2.13200000e+003 4.00000000e+000
 1.00000000e+000 4.21500000e+003 4.00000000e+000
 1.00000000e+000 2.16200000e+003 4.00000000e+000
 1.00000000e+000 1.66400000e+003 2.00000000e+000
 1.00000000e+000 2.23800000e+003 3.00000000e+000
 1.00000000e+000 2.56700000e+003 4.00000000e+000
 1.00000000e+000 1.20000000e+003 3.00000000e+000
 1.00000000e+000 8.52000000e+002 2.00000000e+000
 1.00000000e+000 1.85200000e+003 4.00000000e+000
 1.00000000e+000 1.20300000e+003 3.00000000e+000
 1.00000000e+000
 2.71828183e+000
 2.10400000e+003 3.00000000e+000 3.99900000e+005
 1.60000000e+003 3.00000000e+000 3.29900000e+005
 2.40000000e+003 3.00000000e+000 3.69000000e+005
 1.41600000e+003 2.00000000e+000 2.32000000e+005
 3.00000000e+003 4.00000000e+000 5.39900000e+005
 1.98500000e+003 4.00000000e+000 2.99900000e+005
 1.53400000e+003 3.00000000e+000 3.14900000e+005
 1.42700000e+003 3.00000000e+000 1.98999000e+005
 1.38000000e+003 3.00000000e+000 2.12000000e+005
 1.49400000e+003 3.00000000e+000 2.42500000e+005
 1.94000000e+003 4.00000000e+000 2.39999000e+005
 2.00000000e+003 3.00000000e+000 3.47000000e+005
 1.89000000e+003 3.00000000e+000 3.29999000e+005
 4.47800000e+003 5.00000000e+000 6.99900000e+005
 1.26800000e+003 3.00000000e+000 2.59900000e+005
 2.30000000e+003 4.00000000e+000 4.49900000e+005
 1.32000000e+003 2.00000000e+000 2.99900000e+005
 1.23600000e+003 3.00000000e+000 1.99900000e+005
 2.60900000e+003 4.00000000e+000 4.99998000e+005
 3.03100000e+003 4.00000000e+000 5.99000000e+005
 1.76700000e+003 3.00000000e+000 2.52900000e+005
 1.88800000e+003 2.00000000e+000 2.55000000e+005
 1.60400000e+003 3.00000000e+000 2.42900000e+005
 1.96200000e+003 4.00000000e+000 2.59900000e+005
 3.89000000e+003 3.00000000e+000 5.73900000e+005
 1.10000000e+003 3.00000000e+000 2.49900000e+005
 1.45800000e+003 3.00000000e+000 4.64500000e+005
 2.52600000e+003 3.00000000e+000 4.69000000e+005
 2.20000000e+003 3.00000000e+000 4.75000000e+005
 2.63700000e+003 3.00000000e+000 2.99900000e+005
 1.83900000e+003 2.00000000e+000 3.49900000e+005
 1.00000000e+003 1.00000000e+000 1.69900000e+005
 2.04000000e+003 4.00000000e+000 3.14900000e+005
 3.13700000e+003 3.00000000e+000 5.79900000e+005
 1.81100000e+003 4.00000000e+000 2.85900000e+005
 1.43700000e+003 3.00000000e+000 2.49900000e+005
 1.23900000e+003 3.00000000e+000 2.29900000e+005
 2.13200000e+003 4.00000000e+000 3.45000000e+005
 4.21500000e+003 4.00000000e+000 5.49000000e+005
 2.16200000e+003 4.00000000e+000 2.87000000e+005
 1.66400000e+003 2.00000000e+000 3.68500000e+005
 2.23800000e+003 3.00000000e+000 3.29900000e+005
 2.56700000e+003 4.00000000e+000 3.14000000e+005
 1.20000000e+003 3.00000000e+000 2.99000000e+005
 8.52000000e+002 2.00000000e+000 1.79900000e+005
 1.85200000e+003 4.00000000e+000 2.99900000e+005
 1.20300000e+003 3.00000000e+000 2.39500000e+005
 6.11010000e+000 1.75920000e+001
 5.52770000e+000 9.13020000e+000
 8.51860000e+000 1.36620000e+001
 7.00320000e+000 1.18540000e+001
 5.85980000e+000 6.82330000e+000
 8.38290000e+000 1.18860000e+001
 7.47640000e+000 4.34830000e+000
 8.57810000e+000 1.20000000e+001
 6.48620000e+000 6.59870000e+000
 5.05460000e+000 3.81660000e+000
 5.71070000e+000 3.25220000e+000
 1.41640000e+001 1.55050000e+001
 5.73400000e+000 3.15510000e+000
 8.40840000e+000 7.22580000e+000
 5.64070000e+000 7.16180000e-001
 5.37940000e+000 3.51290000e+000
 6.36540000e+000 5.30480000e+000
 5.13010000e+000 5.60770000e-001
 6.42960000e+000 3.65180000e+000
 7.07080000e+000 5.38930000e+000
 6.18910000e+000 3.13860000e+000
 2.02700000e+001 2.17670000e+001
 5.49010000e+000 4.26300000e+000
 6.32610000e+000 5.18750000e+000
 5.56490000e+000 3.08250000e+000
 1.89450000e+001 2.26380000e+001
 1.28280000e+001 1.35010000e+001
 1.09570000e+001 7.04670000e+000
 1.31760000e+001 1.46920000e+001
 2.22030000e+001 2.41470000e+001
 5.25240000e+000 -1.22000000e+000
 6.58940000e+000 5.99660000e+000
 9.24820000e+000 1.21340000e+001
 5.89180000e+000 1.84950000e+000
 8.21110000e+000 6.54260000e+000
 7.93340000e+000 4.56230000e+000
 8.09590000e+000 4.11640000e+000
 5.60630000e+000 3.39280000e+000
 1.28360000e+001 1.01170000e+001
 6.35340000e+000 5.49740000e+000
 5.40690000e+000 5.56570000e-001
 6.88250000e+000 3.91150000e+000
 1.17080000e+001 5.38540000e+000
 5.77370000e+000 2.44060000e+000
 7.82470000e+000 6.73180000e+000
 7.09310000e+000 1.04630000e+000
 5.07020000e+000 5.13370000e+000
 5.80140000e+000 1.84400000e+000
 1.17000000e+001 8.00430000e+000
 5.54160000e+000 1.01790000e+000
 7.54020000e+000 6.75040000e+000
 5.30770000e+000 1.83960000e+000
 7.42390000e+000 4.28850000e+000
 7.60310000e+000 4.99810000e+000
 6.33280000e+000 1.42330000e+000
 6.35890000e+000 -1.42110000e+000
 6.27420000e+000 2.47560000e+000
 5.63970000e+000 4.60420000e+000
 9.31020000e+000 3.96240000e+000
 9.45360000e+000 5.41410000e+000
 8.82540000e+000 5.16940000e+000
 5.17930000e+000 -7.42790000e-001
 2.12790000e+001 1.79290000e+001
 1.49080000e+001 1.20540000e+001
 1.89590000e+001 1.70540000e+001
 7.21820000e+000 4.88520000e+000
 8.29510000e+000 5.74420000e+000
 1.02360000e+001 7.77540000e+000
 5.49940000e+000 1.01730000e+000
 2.03410000e+001 2.09920000e+001
 1.01360000e+001 6.67990000e+000
 7.33450000e+000 4.02590000e+000
 6.00620000e+000 1.27840000e+000
 7.22590000e+000 3.34110000e+000
 5.02690000e+000 -2.68070000e+000
 6.54790000e+000 2.96780000e-001
 7.53860000e+000 3.88450000e+000
 5.03650000e+000 5.70140000e+000
 1.02740000e+001 6.75260000e+000
 5.10770000e+000 2.05760000e+000
 5.72920000e+000 4.79530000e-001
 5.18840000e+000 2.04210000e-001
 6.35570000e+000 6.78610000e-001
 9.76870000e+000 7.54350000e+000
 6.51590000e+000 5.34360000e+000
 8.51720000e+000 4.24150000e+000
 9.18020000e+000 6.79810000e+000
 6.00200000e+000 9.26950000e-001
 5.52040000e+000 1.52000000e-001
 5.05940000e+000 2.82140000e+000
 5.70770000e+000 1.84510000e+000
 7.63660000e+000 4.29590000e+000
 5.87070000e+000 7.20290000e+000
 5.30540000e+000 1.98690000e+000
 8.29340000e+000 1.44540000e-001
 1.33940000e+001 9.05510000e+000
 5.43690000e+000 6.17050000e-001
 2.00000000e+000
 1.00000000e+000 2.00000000e+000
 1.00000000e+000 1.65000000e+003 3.00000000e+000
 4.70000000e+001
 2.00068085e+003 3.17021277e+000
 4.00000000e+002
 1.00000000e+000 1.00000000e+000
 1.00000000e+000 2.00000000e+000
 1.00000000e+000 3.00000000e+000
 1.00000000e+000 4.00000000e+000
 1.00000000e+000 5.00000000e+000
 1.00000000e+000 6.00000000e+000
 1.00000000e+000 7.00000000e+000
 1.00000000e+000 7.00000000e+000
 1.00000000e+000 9.00000000e+000
 2.93081464e+005
 7.94702354e+002 7.60981887e-001
 0.00000000e+000 1.00000000e-002 2.00000000e-002 3.00000000e-002 4.00000000e-002 5.00000000e-002 6.00000000e-002 7.00000000e-002 8.00000000e-002 9.00000000e-002 1.00000000e-001 1.10000000e-001 1.20000000e-001 1.30000000e-001 1.40000000e-001 1.50000000e-001 1.60000000e-001 1.70000000e-001 1.80000000e-001 1.90000000e-001 2.00000000e-001 2.10000000e-001 2.20000000e-001 2.30000000e-001 2.40000000e-001 2.50000000e-001 2.60000000e-001 2.70000000e-001 2.80000000e-001 2.90000000e-001 3.00000000e-001 3.10000000e-001 3.20000000e-001 3.30000000e-001 3.40000000e-001 3.50000000e-001 3.60000000e-001 3.70000000e-001 3.80000000e-001 3.90000000e-001 4.00000000e-001 4.10000000e-001 4.20000000e-001 4.30000000e-001 4.40000000e-001 4.50000000e-001 4.60000000e-001 4.70000000e-001 4.80000000e-001 4.90000000e-001 5.00000000e-001 5.10000000e-001 5.20000000e-001 5.30000000e-001 5.40000000e-001 5.50000000e-001 5.60000000e-001 5.70000000e-001 5.80000000e-001 5.90000000e-001 6.00000000e-001 6.10000000e-001 6.20000000e-001 6.30000000e-001 6.40000000e-001 6.50000000e-001 6.60000000e-001 6.70000000e-001 6.80000000e-001 6.90000000e-001 7.00000000e-001 7.10000000e-001 7.20000000e-001 7.30000000e-001 7.40000000e-001 7.50000000e-001 7.60000000e-001 7.70000000e-001 7.80000000e-001 7.90000000e-001 8.00000000e-001 8.10000000e-001 8.20000000e-001 8.30000000e-001 8.40000000e-001 8.50000000e-001 8.60000000e-001 8.70000000e-001 8.80000000e-001 8.90000000e-001 9.00000000e-001 9.10000000e-001 9.20000000e-001 9.30000000e-001 9.40000000e-001 9.50000000e-001 9.60000000e-001 9.70000000e-001 9.80000000e-001
 8.95979095e+004
 1.39210674e+002
 -8.73801911e+003

 8.00000000e+000 9.00000000e+000 7.00000000e+000
 1.00000000e+000 -4.41273201e-001 -2.23675187e-001
 1.00000000e+000 2.00000000e+000 3.00000000e+000
 -1.70212766e-001
 1.00000000e+000 2.00000000e+000 3.00000000e+000
 0.00000000e+000 2.48689887e-001 4.81753674e-001 6.84547106e-001 8.44327926e-001 9.51056516e-001 9.98026728e-001 9.82287251e-001 9.04827052e-001 7.70513243e-001 5.87785252e-001 3.68124553e-001 1.25333234e-001 -1.25333234e-001 -3.68124553e-001 -5.87785252e-001 -7.70513243e-001 -9.04827052e-001 -9.82287251e-001 -9.98026728e-001 -9.51056516e-001 -8.44327926e-001 -6.84547106e-001 -4.81753674e-001 -2.48689887e-001 -2.44921271e-016 2.48689887e-001 4.81753674e-001 6.84547106e-001 8.44327926e-001 9.51056516e-001 9.98026728e-001 9.82287251e-001 9.04827052e-001 7.70513243e-001 5.87785252e-001 3.68124553e-001 1.25333234e-001 -1.25333234e-001 -3.68124553e-001 -5.87785252e-001 -7.70513243e-001 -9.04827052e-001 -9.82287251e-001 -9.98026728e-001 -9.51056516e-001 -8.44327926e-001 -6.84547106e-001 -4.81753674e-001 -2.48689887e-001 -4.89842542e-016 2.48689887e-001 4.81753674e-001 6.84547106e-001 8.44327926e-001 9.51056516e-001 9.98026728e-001 9.82287251e-001 9.04827052e-001 7.70513243e-001 5.87785252e-001 3.68124553e-001 1.25333234e-001 -1.25333234e-001 -3.68124553e-001 -5.87785252e-001 -7.70513243e-001 -9.04827052e-001 -9.82287251e-001 -9.98026728e-001 -9.51056516e-001 -8.44327926e-001 -6.84547106e-001 -4.81753674e-001 -2.48689887e-001 -7.34763812e-016 2.48689887e-001 4.81753674e-001 6.84547106e-001 8.44327926e-001 9.51056516e-001 9.98026728e-001 9.82287251e-001 9.04827052e-001 7.70513243e-001 5.87785252e-001 3.68124553e-001 1.25333234e-001 -1.25333234e-001 -3.68124553e-001 -5.87785252e-001 -7.70513243e-001 -9.04827052e-001 -9.82287251e-001 -9.98026728e-001 -9.51056516e-001 -8.44327926e-001 -6.84547106e-001 -4.81753674e-001
 1.00000000e+000 9.68583161e-001 8.76306680e-001 7.28968627e-001 5.35826795e-001 3.09016994e-001 6.27905195e-002 -1.87381315e-001 -4.25779292e-001 -6.37423990e-001 -8.09016994e-001 -9.29776486e-001 -9.92114701e-001 -9.92114701e-001 -9.29776486e-001 -8.09016994e-001 -6.37423990e-001 -4.25779292e-001 -1.87381315e-001 6.27905195e-002 3.09016994e-001 5.35826795e-001 7.28968627e-001 8.76306680e-001 9.68583161e-001 1.00000000e+000 9.68583161e-001 8.76306680e-001 7.28968627e-001 5.35826795e-001 3.09016994e-001 6.27905195e-002 -1.87381315e-001 -4.25779292e-001 -6.37423990e-001 -8.09016994e-001 -9.29776486e-001 -9.92114701e-001 -9.92114701e-001 -9.29776486e-001 -8.09016994e-001 -6.37423990e-001 -4.25779292e-001 -1.87381315e-001 6.27905195e-002 3.09016994e-001 5.35826795e-001 7.28968627e-001 8.76306680e-001 9.68583161e-001 1.00000000e+000 9.68583161e-001 8.76306680e-001 7.28968627e-001 5.35826795e-001 3.09016994e-001 6.27905195e-002 -1.87381315e-001 -4.25779292e-001 -6.37423990e-001 -8.09016994e-001 -9.29776486e-001 -9.92114701e-001 -9.92114701e-001 -9.29776486e-001 -8.09016994e-001 -6.37423990e-001 -4.25779292e-001 -1.87381315e-001 6.27905195e-002 3.09016994e-001 5.35826795e-001 7.28968627e-001 8.76306680e-001 9.68583161e-001 1.00000000e+000 9.68583161e-001 8.76306680e-001 7.28968627e-001 5.35826795e-001 3.09016994e-001 6.27905195e-002 -1.87381315e-001 -4.25779292e-001 -6.37423990e-001 -8.09016994e-001 -9.29776486e-001 -9.92114701e-001 -9.92114701e-001 -9.29776486e-001 -8.09016994e-001 -6.37423990e-001 -4.25779292e-001 -1.87381315e-001 6.27905195e-002 3.09016994e-001 5.35826795e-001 7.28968627e-001 8.76306680e-001
